02 30 30 30 31 30 31 30 30 30 30 30 30 30 35 36 32 34 30 30 30 30 30 30 30 37 30 37 03 36        .000101000000056240000000707.6  
02 30 30 30 31 30 31 30 30 30 30 30 30 30 35 36 32 34 30 30 30 30 30 30 30 37 30 37 03 36        .000101000000056240000000707.6  
02 30 30 31 31 30 31 30 30 30 30 30 30 30 35 36 37 36 30 30 30 30 30 30 30 37 32 31 03 34        .001101000000056760000000721.4  
02 30 30 31 31 30 31 30 30 30 30 30 30 30 35 36 37 36 30 30 30 30 30 30 30 37 32 31 03 34        .001101000000056760000000721.4  
02 30 30 31 31 30 31 30 30 30 30 30 30 30 35 36 37 36 30 30 30 30 30 30 30 37 32 31 03 34        .001101000000056760000000721.4  
02 30 30 31 31 30 31 30 30 30 30 30 30 30 35 37 32 33 30 30 30 30 30 30 30 37 32 38 03 3c        .001101000000057230000000728.<  
02 30 30 31 31 30 31 30 30 30 30 30 30 30 35 37 32 33 30 30 30 30 30 30 30 37 32 38 03 3c        .001101000000057230000000728.<  
02 30 30 31 31 30 31 30 30 30 30 30 30 30 35 37 32 33 30 30 30 30 30 30 30 37 32 38 03 3c        .001101000000057230000000728.<  
02 30 30 31 31 30 31 30 30 30 30 30 30 30 36 32 33 33 30 30 30 30 30 30 30 37 39 34 03 3c        .001101000000062330000000794.<  
02 30 30 31 31 30 31 30 30 30 30 30 30 30 36 32 33 33 30 30 30 30 30 30 30 37 39 34 03 3c        .001101000000062330000000794.<  
02 30 30 31 31 30 31 30 30 30 30 30 30 30 36 32 33 33 30 30 30 30 30 30 30 37 39 34 03 3c        .001101000000062330000000794.<  
02 30 30 30 31 30 31 30 30 30 30 30 30 30 36 34 37 31 30 30 30 30 30 30 30 38 31 36 03 38        .000101000000064710000000816.8  
02 30 30 30 31 30 31 30 30 30 30 30 30 30 36 34 37 31 30 30 30 30 30 30 30 38 31 36 03 38        .000101000000064710000000816.8  
02 30 30 30 31 30 31 30 30 30 30 30 30 30 36 34 37 31 30 30 30 30 30 30 30 38 31 36 03 38        .000101000000064710000000816.8  
02 30 30 31 31 30 31 30 30 30 30 30 30 30 36 36 30 38 30 30 30 30 30 30 30 38 34 32 03 34        .001101000000066080000000842.4  
02 30 30 31 31 30 31 30 30 30 30 30 30 30 36 36 30 38 30 30 30 30 30 30 30 38 34 32 03 34        .001101000000066080000000842.4  
02 30 30 31 31 30 31 30 30 30 30 30 30 30 36 36 30 38 30 30 30 30 30 30 30 38 34 32 03 34        .001101000000066080000000842.4  
02 30 30 31 31 30 31 30 30 30 30 30 30 30 37 31 38 39 30 30 30 30 30 30 30 39 31 33 03 3e        .001101000000071890000000913.>  
02 30 30 31 31 30 31 30 30 30 30 30 30 30 37 31 38 39 30 30 30 30 30 30 30 39 31 33 03 3e        .001101000000071890000000913.>  
02 30 30 31 31 30 31 30 30 30 30 30 30 30 37 31 38 39 30 30 30 30 30 30 30 39 31 33 03 3e        .001101000000071890000000913.>  
02 30 30 31 31 30 31 30 30 30 30 30 30 30 37 31 38 39 30 30 30 30 30 30 30 39 31 33 03 3e        .001101000000071890000000913.>  
02 30 30 31 31 30 31 30 30 30 30 30 30 30 37 31 38 39 30 30 30 30 30 30 30 39 31 33 03 3e        .001101000000071890000000913.>  
02 30 30 31 31 30 31 30 30 30 30 30 30 30 37 31 38 39 30 30 30 30 30 30 30 39 31 33 03 3e        .001101000000071890000000913.>  
02 30 30 31 31 30 31 30 30 30 30 30 30 30 37 35 30 31 30 30 30 30 30 30 30 39 36 30 03 3e        .001101000000075010000000960.>  
02 30 30 31 31 30 31 30 30 30 30 30 30 30 37 35 30 31 30 30 30 30 30 30 30 39 36 30 03 3e        .001101000000075010000000960.>  
02 30 30 31 31 30 31 30 30 30 30 30 30 30 37 35 30 31 30 30 30 30 30 30 30 39 36 30 03 3e        .001101000000075010000000960.>  
02 30 30 31 31 30 31 30 30 30 30 30 30 30 37 38 37 31 30 30 30 30 30 30 31 30 31 31 03 3a        .001101000000078710000001011.:  
02 30 30 31 31 30 31 30 30 30 30 30 30 30 37 38 37 31 30 30 30 30 30 30 31 30 31 31 03 3a        .001101000000078710000001011.:  
02 30 30 31 31 30 31 30 30 30 30 30 30 30 37 38 37 31 30 30 30 30 30 30 31 30 31 31 03 3a        .001101000000078710000001011.:  
02 30 30 31 31 30 31 30 30 30 30 30 30 30 37 39 38 31 30 30 30 30 30 30 31 30 31 38 03 3d        .001101000000079810000001018.=  
02 30 30 31 31 30 31 30 30 30 30 30 30 30 37 39 38 31 30 30 30 30 30 30 31 30 31 38 03 3d        .001101000000079810000001018.=  
02 30 30 31 31 30 31 30 30 30 30 30 30 30 37 39 38 31 30 30 30 30 30 30 31 30 31 38 03 3d        .001101000000079810000001018.=  
02 30 30 31 31 30 31 30 30 30 30 30 30 30 38 35 36 34 30 30 30 30 30 30 31 31 30 32 03 3f        .001101000000085640000001102.?  
02 30 30 31 31 30 31 30 30 30 30 30 30 30 38 35 36 34 30 30 30 30 30 30 31 31 30 32 03 3f        .001101000000085640000001102.?  
02 30 30 31 31 30 31 30 30 30 30 30 30 30 38 35 36 34 30 30 30 30 30 30 31 31 30 32 03 3f        .001101000000085640000001102.?  
02 30 30 31 31 30 31 30 30 30 30 30 30 30 38 36 31 36 30 30 30 30 30 30 31 31 30 39 03 32        .001101000000086160000001109.2  
02 30 30 31 31 30 31 30 30 30 30 30 30 30 38 36 31 36 30 30 30 30 30 30 31 31 30 39 03 32        .001101000000086160000001109.2  
02 30 30 31 31 30 31 30 30 30 30 30 30 30 38 36 31 36 30 30 30 30 30 30 31 31 30 39 03 32        .001101000000086160000001109.2  
02 30 30 31 31 30 31 30 30 30 30 30 30 30 39 31 34 32 30 30 30 30 30 30 31 31 35 38 03 31        .001101000000091420000001158.1  
02 30 30 31 31 30 31 30 30 30 30 30 30 30 39 31 34 32 30 30 30 30 30 30 31 31 35 38 03 31        .001101000000091420000001158.1  
02 30 30 31 31 30 31 30 30 30 30 30 30 30 39 31 34 32 30 30 30 30 30 30 31 31 35 38 03 31        .001101000000091420000001158.1  
02 30 30 31 31 30 30 30 30 30 30 30 30 30 39 34 30 38 30 30 30 30 30 30 31 32 30 35 03 30        .001100000000094080000001205.0  
02 30 30 31 31 30 30 30 30 30 30 30 30 30 39 34 30 38 30 30 30 30 30 30 31 32 30 35 03 30        .001100000000094080000001205.0  
02 30 30 31 31 30 30 30 30 30 30 30 30 30 39 34 30 38 30 30 30 30 30 30 31 32 30 35 03 30        .001100000000094080000001205.0  
02 30 30 31 31 30 31 30 30 30 30 30 30 30 39 34 33 31 30 30 30 30 30 30 31 32 31 32 03 3d        .001101000000094310000001212.=  
02 30 30 31 31 30 31 30 30 30 30 30 30 30 39 34 33 31 30 30 30 30 30 30 31 32 31 32 03 3d        .001101000000094310000001212.=  
02 30 30 31 31 30 31 30 30 30 30 30 30 30 39 34 33 31 30 30 30 30 30 30 31 32 31 32 03 3d        .001101000000094310000001212.=  
02 30 30 31 31 30 31 30 30 30 30 30 30 30 39 34 33 31 30 30 30 30 30 30 31 32 31 32 03 3d        .001101000000094310000001212.=  
02 30 30 31 31 30 31 30 30 30 30 30 30 30 39 34 33 31 30 30 30 30 30 30 31 32 31 32 03 3d        .001101000000094310000001212.=  
02 30 30 31 31 30 31 30 30 30 30 30 30 30 39 34 33 31 30 30 30 30 30 30 31 32 31 32 03 3d        .001101000000094310000001212.=  
02 30 30 31 31 30 30 30 30 30 30 30 30 30 39 39 39 37 30 30 30 30 30 30 31 32 36 33 03 3b        .001100000000099970000001263.;  
02 30 30 31 31 30 30 30 30 30 30 30 30 30 39 39 39 37 30 30 30 30 30 30 31 32 36 33 03 3b        .001100000000099970000001263.;  
02 30 30 31 31 30 30 30 30 30 30 30 30 30 39 39 39 37 30 30 30 30 30 30 31 32 36 33 03 3b        .001100000000099970000001263.;  
02 30 30 31 31 30 31 30 30 30 30 30 30 31 30 32 37 31 30 30 30 30 30 30 31 33 32 30 03 37        .001101000000102710000001320.7  
02 30 30 31 31 30 31 30 30 30 30 30 30 31 30 32 37 31 30 30 30 30 30 30 31 33 32 30 03 37        .001101000000102710000001320.7  
02 30 30 31 31 30 31 30 30 30 30 30 30 31 30 32 37 31 30 30 30 30 30 30 31 33 32 30 03 37        .001101000000102710000001320.7  
02 30 30 31 31 30 31 30 30 30 30 30 30 31 30 33 38 37 30 30 30 30 30 30 31 33 33 38 03 36        .001101000000103870000001338.6  
02 30 30 31 31 30 31 30 30 30 30 30 30 31 30 33 38 37 30 30 30 30 30 30 31 33 33 38 03 36        .001101000000103870000001338.6  
02 30 30 31 31 30 31 30 30 30 30 30 30 31 30 33 38 37 30 30 30 30 30 30 31 33 33 38 03 36        .001101000000103870000001338.6  
02 30 30 31 31 30 31 30 30 30 30 30 30 31 31 30 32 30 30 30 30 30 30 30 31 34 30 34 03 31        .001101000000110200000001404.1  
02 30 30 31 31 30 31 30 30 30 30 30 30 31 31 30 32 30 30 30 30 30 30 30 31 34 30 34 03 31        .001101000000110200000001404.1  
02 30 30 31 31 30 31 30 30 30 30 30 30 31 31 30 32 30 30 30 30 30 30 30 31 34 30 34 03 31        .001101000000110200000001404.1  
02 30 30 31 31 30 31 30 30 30 30 30 30 31 31 30 38 33 30 30 30 30 30 30 31 34 31 36 03 3b        .001101000000110830000001416.;  
02 30 30 31 31 30 31 30 30 30 30 30 30 31 31 30 38 33 30 30 30 30 30 30 31 34 31 36 03 3b        .001101000000110830000001416.;  
02 30 30 31 31 30 31 30 30 30 30 30 30 31 31 30 38 33 30 30 30 30 30 30 31 34 31 36 03 3b        .001101000000110830000001416.;  
02 30 30 31 31 30 31 30 30 30 30 30 30 31 31 37 33 36 30 30 30 30 30 30 31 34 38 39 03 34        .001101000000117360000001489.4  
02 30 30 31 31 30 31 30 30 30 30 30 30 31 31 37 33 36 30 30 30 30 30 30 31 34 38 39 03 34        .001101000000117360000001489.4  
02 30 30 31 31 30 31 30 30 30 30 30 30 31 31 37 33 36 30 30 30 30 30 30 31 34 38 39 03 34        .001101000000117360000001489.4  
02 30 30 30 31 30 31 30 30 30 30 30 30 31 31 38 34 35 30 30 30 30 30 30 31 35 30 38 03 36        .000101000000118450000001508.6  
02 30 30 30 31 30 31 30 30 30 30 30 30 31 31 38 34 35 30 30 30 30 30 30 31 35 30 38 03 36        .000101000000118450000001508.6  
02 30 30 30 31 30 31 30 30 30 30 30 30 31 31 38 34 35 30 30 30 30 30 30 31 35 30 38 03 36        .000101000000118450000001508.6  
02 30 30 31 31 30 31 30 30 30 30 30 30 31 31 39 39 37 30 30 30 30 30 30 31 35 33 33 03 31        .001101000000119970000001533.1  
02 30 30 31 31 30 31 30 30 30 30 30 30 31 31 39 39 37 30 30 30 30 30 30 31 35 33 33 03 31        .001101000000119970000001533.1  
02 30 30 31 31 30 31 30 30 30 30 30 30 31 31 39 39 37 30 30 30 30 30 30 31 35 33 33 03 31        .001101000000119970000001533.1  
02 30 30 31 31 30 31 30 30 30 30 30 30 31 32 36 36 35 30 30 30 30 30 30 31 36 31 30 03 32        .001101000000126650000001610.2  
02 30 30 31 31 30 31 30 30 30 30 30 30 31 32 36 36 35 30 30 30 30 30 30 31 36 31 30 03 32        .001101000000126650000001610.2  
02 30 30 31 31 30 31 30 30 30 30 30 30 31 32 36 36 35 30 30 30 30 30 30 31 36 31 30 03 32        .001101000000126650000001610.2  
02 30 30 31 31 30 31 30 30 30 30 30 30 31 32 36 36 35 30 30 30 30 30 30 31 36 31 30 03 32        .001101000000126650000001610.2  
02 30 30 31 31 30 31 30 30 30 30 30 30 31 32 36 36 35 30 30 30 30 30 30 31 36 31 30 03 32        .001101000000126650000001610.2  
02 30 30 31 31 30 31 30 30 30 30 30 30 31 32 36 36 35 30 30 30 30 30 30 31 36 31 30 03 32        .001101000000126650000001610.2  
02 30 30 31 31 30 31 30 30 30 30 30 30 31 33 32 30 34 30 30 30 30 30 30 31 36 37 35 03 33        .001101000000132040000001675.3  
02 30 30 31 31 30 31 30 30 30 30 30 30 31 33 32 30 34 30 30 30 30 30 30 31 36 37 35 03 33        .001101000000132040000001675.3  
02 30 30 31 31 30 31 30 30 30 30 30 30 31 33 32 30 34 30 30 30 30 30 30 31 36 37 35 03 33        .001101000000132040000001675.3  
02 30 30 31 31 30 31 30 30 30 30 30 30 31 33 35 34 38 30 30 30 30 30 30 31 37 32 30 03 3d        .001101000000135480000001720.=  
02 30 30 31 31 30 31 30 30 30 30 30 30 31 33 35 34 38 30 30 30 30 30 30 31 37 32 30 03 3d        .001101000000135480000001720.=  
02 30 30 31 31 30 31 30 30 30 30 30 30 31 33 35 34 38 30 30 30 30 30 30 31 37 32 30 03 3d        .001101000000135480000001720.=  
02 30 30 31 31 30 31 30 30 30 30 30 30 31 33 36 33 34 30 30 30 30 30 30 31 37 33 38 03 3c        .001101000000136340000001738.<  
02 30 30 31 31 30 31 30 30 30 30 30 30 31 33 36 33 34 30 30 30 30 30 30 31 37 33 38 03 3c        .001101000000136340000001738.<  
02 30 30 31 31 30 31 30 30 30 30 30 30 31 33 36 33 34 30 30 30 30 30 30 31 37 33 38 03 3c        .001101000000136340000001738.<  
02 30 30 31 31 30 31 30 30 30 30 30 30 31 34 33 32 32 30 30 30 30 30 30 31 38 31 34 03 38        .001101000000143220000001814.8  
02 30 30 31 31 30 31 30 30 30 30 30 30 31 34 33 32 32 30 30 30 30 30 30 31 38 31 34 03 38        .001101000000143220000001814.8  
02 30 30 31 31 30 31 30 30 30 30 30 30 31 34 33 32 32 30 30 30 30 30 30 31 38 31 34 03 38        .001101000000143220000001814.8  
02 30 30 31 31 30 31 30 30 30 30 30 30 31 34 33 34 33 30 30 30 30 30 30 31 38 31 36 03 3d        .001101000000143430000001816.=  
02 30 30 31 31 30 31 30 30 30 30 30 30 31 34 33 34 33 30 30 30 30 30 30 31 38 31 36 03 3d        .001101000000143430000001816.=  
02 30 30 31 31 30 31 30 30 30 30 30 30 31 34 33 34 33 30 30 30 30 30 30 31 38 31 36 03 3d        .001101000000143430000001816.=  
02 30 30 31 31 30 31 30 30 30 30 30 30 31 34 37 35 36 30 30 30 30 30 30 31 38 38 31 03 33        .001101000000147560000001881.3  
02 30 30 31 31 30 31 30 30 30 30 30 30 31 34 37 35 36 30 30 30 30 30 30 31 38 38 31 03 33        .001101000000147560000001881.3  
02 30 30 31 31 30 31 30 30 30 30 30 30 31 34 37 35 36 30 30 30 30 30 30 31 38 38 31 03 33        .001101000000147560000001881.3  
02 30 30 30 31 30 31 30 30 30 30 30 30 31 35 30 38 33 30 30 30 30 30 30 31 39 30 36 03 32        .000101000000150830000001906.2  
02 30 30 30 31 30 31 30 30 30 30 30 30 31 35 30 38 33 30 30 30 30 30 30 31 39 30 36 03 32        .000101000000150830000001906.2  
02 30 30 30 31 30 31 30 30 30 30 30 30 31 35 30 38 33 30 30 30 30 30 30 31 39 30 36 03 32        .000101000000150830000001906.2  
02 30 30 31 31 30 31 30 30 30 30 30 30 31 35 32 32 39 30 30 30 30 30 30 31 39 32 35 03 30        .001101000000152290000001925.0  
02 30 30 31 31 30 31 30 30 30 30 30 30 31 35 32 32 39 30 30 30 30 30 30 31 39 32 35 03 30        .001101000000152290000001925.0  
02 30 30 31 31 30 31 30 30 30 30 30 30 31 35 32 32 39 30 30 30 30 30 30 31 39 32 35 03 30        .001101000000152290000001925.0  
02 30 30 31 31 30 31 30 30 30 30 30 30 31 35 38 32 34 30 30 30 30 30 30 31 39 39 38 03 31        .001101000000158240000001998.1  
02 30 30 31 31 30 31 30 30 30 30 30 30 31 35 38 32 34 30 30 30 30 30 30 31 39 39 38 03 31        .001101000000158240000001998.1  
02 30 30 31 31 30 31 30 30 30 30 30 30 31 35 38 32 34 30 30 30 30 30 30 31 39 39 38 03 31        .001101000000158240000001998.1  
02 30 30 30 31 30 30 30 30 30 30 30 30 31 35 38 32 34 30 30 30 30 30 30 31 39 39 38 03 31        .000100000000158240000001998.1  
02 30 30 30 31 30 30 30 30 30 30 30 30 31 35 38 32 34 30 30 30 30 30 30 31 39 39 38 03 31        .000100000000158240000001998.1  
02 30 30 30 31 30 30 30 30 30 30 30 30 31 35 38 32 34 30 30 30 30 30 30 31 39 39 38 03 31        .000100000000158240000001998.1  
02 30 30 31 31 30 30 30 30 30 30 30 30 31 35 38 39 31 30 30 30 30 30 30 32 30 31 31 03 35        .001100000000158910000002011.5  
02 30 30 31 31 30 30 30 30 30 30 30 30 31 35 38 39 31 30 30 30 30 30 30 32 30 31 31 03 35        .001100000000158910000002011.5  
02 30 30 31 31 30 30 30 30 30 30 30 30 31 35 38 39 31 30 30 30 30 30 30 32 30 31 31 03 35        .001100000000158910000002011.5  
02 30 30 31 31 30 31 30 30 30 30 30 30 31 35 39 32 32 30 30 30 30 30 30 32 30 32 34 03 3b        .001101000000159220000002024.;  
02 30 30 31 31 30 31 30 30 30 30 30 30 31 35 39 32 32 30 30 30 30 30 30 32 30 32 34 03 3b        .001101000000159220000002024.;  
02 30 30 31 31 30 31 30 30 30 30 30 30 31 35 39 32 32 30 30 30 30 30 30 32 30 32 34 03 3b        .001101000000159220000002024.;  
02 30 30 31 31 30 31 30 30 30 30 30 30 31 36 33 30 38 30 30 30 30 30 30 32 30 37 36 03 3d        .001101000000163080000002076.=  
02 30 30 31 31 30 31 30 30 30 30 30 30 31 36 33 30 38 30 30 30 30 30 30 32 30 37 36 03 3d        .001101000000163080000002076.=  
02 30 30 31 31 30 31 30 30 30 30 30 30 31 36 33 30 38 30 30 30 30 30 30 32 30 37 36 03 3d        .001101000000163080000002076.=  
02 30 30 30 31 30 31 30 30 30 30 30 30 31 36 37 33 38 30 30 30 30 30 30 32 31 31 39 03 33        .000101000000167380000002119.3  
02 30 30 30 31 30 31 30 30 30 30 30 30 31 36 37 33 38 30 30 30 30 30 30 32 31 31 39 03 33        .000101000000167380000002119.3  
02 30 30 30 31 30 31 30 30 30 30 30 30 31 36 37 33 38 30 30 30 30 30 30 32 31 31 39 03 33        .000101000000167380000002119.3  
02 30 30 31 31 30 31 30 30 30 30 30 30 31 36 38 39 34 30 30 30 30 30 30 32 31 34 35 03 32        .001101000000168940000002145.2  
02 30 30 31 31 30 31 30 30 30 30 30 30 31 36 38 39 34 30 30 30 30 30 30 32 31 34 35 03 32        .001101000000168940000002145.2  
02 30 30 31 31 30 31 30 30 30 30 30 30 31 36 38 39 34 30 30 30 30 30 30 32 31 34 35 03 32        .001101000000168940000002145.2  
02 30 30 31 31 30 31 30 30 30 30 30 30 31 37 33 38 33 30 30 30 30 30 30 32 32 31 34 03 39        .001101000000173830000002214.9  
02 30 30 31 31 30 31 30 30 30 30 30 30 31 37 33 38 33 30 30 30 30 30 30 32 32 31 34 03 39        .001101000000173830000002214.9  
02 30 30 31 31 30 31 30 30 30 30 30 30 31 37 33 38 33 30 30 30 30 30 30 32 32 31 34 03 39        .001101000000173830000002214.9  
02 30 30 31 31 30 31 30 30 30 30 30 30 31 37 35 32 37 30 30 30 30 30 30 32 32 32 36 03 30        .001101000000175270000002226.0  
02 30 30 31 31 30 31 30 30 30 30 30 30 31 37 35 32 37 30 30 30 30 30 30 32 32 32 36 03 30        .001101000000175270000002226.0  
02 30 30 31 31 30 31 30 30 30 30 30 30 31 37 35 32 37 30 30 30 30 30 30 32 32 32 36 03 30        .001101000000175270000002226.0  
02 30 30 31 31 30 30 30 30 30 30 30 30 31 38 30 35 35 30 30 30 30 30 30 32 33 30 30 03 3b        .001100000000180550000002300.;  
02 30 30 31 31 30 30 30 30 30 30 30 30 31 38 30 35 35 30 30 30 30 30 30 32 33 30 30 03 3b        .001100000000180550000002300.;  
02 30 30 31 31 30 30 30 30 30 30 30 30 31 38 30 35 35 30 30 30 30 30 30 32 33 30 30 03 3b        .001100000000180550000002300.;  
02 30 30 31 31 30 31 30 30 30 30 30 30 31 38 31 33 34 30 30 30 30 30 30 32 33 32 30 03 3e        .001101000000181340000002320.>  
02 30 30 31 31 30 31 30 30 30 30 30 30 31 38 31 33 34 30 30 30 30 30 30 32 33 32 30 03 3e        .001101000000181340000002320.>  
02 30 30 31 31 30 31 30 30 30 30 30 30 31 38 31 33 34 30 30 30 30 30 30 32 33 32 30 03 3e        .001101000000181340000002320.>  
02 30 30 31 31 30 31 30 30 30 30 30 30 31 38 33 37 31 30 30 30 30 30 30 32 33 34 32 03 39        .001101000000183710000002342.9  
02 30 30 31 31 30 31 30 30 30 30 30 30 31 38 33 37 31 30 30 30 30 30 30 32 33 34 32 03 39        .001101000000183710000002342.9  
02 30 30 31 31 30 31 30 30 30 30 30 30 31 38 33 37 31 30 30 30 30 30 30 32 33 34 32 03 39        .001101000000183710000002342.9  
02 30 30 34 32 30 31 30 30 30 30 30 30 31 38 33 37 31 30 30 30 30 30 30 32 33 34 32 03 3f        .004201000000183710000002342.?  
02 30 30 34 32 30 31 30 30 30 30 30 30 31 38 33 37 31 30 30 30 30 30 30 32 33 34 32 03 3f        .004201000000183710000002342.?  
02 30 30 34 32 30 31 30 30 30 30 30 30 31 38 33 37 31 30 30 30 30 30 30 32 33 34 32 03 3f        .004201000000183710000002342.?  
02 30 30 34 32 30 31 30 30 30 30 30 30 31 38 30 35 35 30 30 30 30 30 30 32 33 30 30 03 3c        .004201000000180550000002300.<  
02 30 30 34 32 30 31 30 30 30 30 30 30 31 38 30 35 35 30 30 30 30 30 30 32 33 30 30 03 3c        .004201000000180550000002300.<  
02 30 30 34 32 30 31 30 30 30 30 30 30 31 38 30 35 35 30 30 30 30 30 30 32 33 30 30 03 3c        .004201000000180550000002300.<  
02 30 30 34 32 30 30 30 30 30 30 30 30 31 38 30 35 35 30 30 30 30 30 30 32 33 30 30 03 3d        .004200000000180550000002300.=  
02 30 30 34 32 30 30 30 30 30 30 30 30 31 38 30 35 35 30 30 30 30 30 30 32 33 30 30 03 3d        .004200000000180550000002300.=  
02 30 30 34 32 30 30 30 30 30 30 30 30 31 38 30 35 35 30 30 30 30 30 30 32 33 30 30 03 3d        .004200000000180550000002300.=  
02 30 30 35 32 30 30 30 30 30 30 30 30 31 38 30 35 35 30 30 30 30 30 30 32 33 30 30 03 3c        .005200000000180550000002300.<  
02 30 30 35 32 30 30 30 30 30 30 30 30 31 38 30 35 35 30 30 30 30 30 30 32 33 30 30 03 3c        .005200000000180550000002300.<  
02 30 30 35 32 30 30 30 30 30 30 30 30 31 38 30 35 35 30 30 30 30 30 30 32 33 30 30 03 3c        .005200000000180550000002300.<  
02 30 30 35 32 30 30 30 30 30 30 30 30 31 38 30 35 35 30 30 30 30 30 30 32 33 30 30 03 3c        .005200000000180550000002300.<  
02 30 30 35 32 30 30 30 30 30 30 30 30 31 38 30 35 35 30 30 30 30 30 30 32 33 30 30 03 3c        .005200000000180550000002300.<  
02 30 30 35 32 30 30 30 30 30 30 30 30 31 38 30 35 35 30 30 30 30 30 30 32 33 30 30 03 3c        .005200000000180550000002300.<  
02 30 30 35 32 30 30 30 30 30 30 30 30 31 38 30 35 35 30 30 30 30 30 30 32 33 30 30 03 3c        .005200000000180550000002300.<  
02 30 30 35 32 30 30 30 30 30 30 30 30 31 38 30 35 35 30 30 30 30 30 30 32 33 30 30 03 3c        .005200000000180550000002300.<  
02 30 30 35 32 30 30 30 30 30 30 30 30 31 38 30 35 35 30 30 30 30 30 30 32 33 30 30 03 3c        .005200000000180550000002300.<  
02 30 30 30 31 30 30 30 30 30 30 30 30 31 38 30 35 35 30 30 30 30 30 30 32 33 30 30 03 3a        .000100000000180550000002300.:  
02 30 30 30 31 30 30 30 30 30 30 30 30 31 38 30 35 35 30 30 30 30 30 30 32 33 30 30 03 3a        .000100000000180550000002300.:  
02 30 30 30 31 30 30 30 30 30 30 30 30 31 38 30 35 35 30 30 30 30 30 30 32 33 30 30 03 3a        .000100000000180550000002300.:  
02 30 30 31 31 30 31 30 30 30 30 30 30 31 38 31 38 38 30 30 30 30 30 30 32 33 31 38 03 32        .001101000000181880000002318.2  
02 30 30 31 31 30 31 30 30 30 30 30 30 31 38 31 38 38 30 30 30 30 30 30 32 33 31 38 03 32        .001101000000181880000002318.2  
02 30 30 31 31 30 31 30 30 30 30 30 30 31 38 31 38 38 30 30 30 30 30 30 32 33 31 38 03 32        .001101000000181880000002318.2  
02 30 30 31 31 30 31 30 30 30 30 30 30 31 38 36 36 32 30 30 30 30 30 30 32 33 39 30 03 31        .001101000000186620000002390.1  
02 30 30 31 31 30 31 30 30 30 30 30 30 31 38 36 36 32 30 30 30 30 30 30 32 33 39 30 03 31        .001101000000186620000002390.1  
02 30 30 31 31 30 31 30 30 30 30 30 30 31 38 36 36 32 30 30 30 30 30 30 32 33 39 30 03 31        .001101000000186620000002390.1  
02 30 30 30 31 30 31 30 30 30 30 30 30 31 38 39 36 39 30 30 30 30 30 30 32 34 31 39 03 32        .000101000000189690000002419.2  
02 30 30 30 31 30 31 30 30 30 30 30 30 31 38 39 36 39 30 30 30 30 30 30 32 34 31 39 03 32        .000101000000189690000002419.2  
02 30 30 30 31 30 31 30 30 30 30 30 30 31 38 39 36 39 30 30 30 30 30 30 32 34 31 39 03 32        .000101000000189690000002419.2  
02 30 30 31 31 30 31 30 30 30 30 30 30 31 39 32 31 39 30 30 30 30 30 30 32 34 34 39 03 3b        .001101000000192190000002449.;  
02 30 30 31 31 30 31 30 30 30 30 30 30 31 39 32 31 39 30 30 30 30 30 30 32 34 34 39 03 3b        .001101000000192190000002449.;  
02 30 30 31 31 30 31 30 30 30 30 30 30 31 39 32 31 39 30 30 30 30 30 30 32 34 34 39 03 3b        .001101000000192190000002449.;  
02 30 30 31 31 30 30 30 30 30 30 30 30 31 39 35 33 32 30 30 30 30 30 30 32 34 39 39 03 39        .001100000000195320000002499.9  
02 30 30 31 31 30 30 30 30 30 30 30 30 31 39 35 33 32 30 30 30 30 30 30 32 34 39 39 03 39        .001100000000195320000002499.9  
02 30 30 31 31 30 30 30 30 30 30 30 30 31 39 35 33 32 30 30 30 30 30 30 32 34 39 39 03 39        .001100000000195320000002499.9  
02 30 30 30 31 30 31 30 30 30 30 30 30 31 39 35 37 32 30 30 30 30 30 30 32 35 30 37 03 3b        .000101000000195720000002507.;  
02 30 30 30 31 30 31 30 30 30 30 30 30 31 39 35 37 32 30 30 30 30 30 30 32 35 30 37 03 3b        .000101000000195720000002507.;  
02 30 30 30 31 30 31 30 30 30 30 30 30 31 39 35 37 32 30 30 30 30 30 30 32 35 30 37 03 3b        .000101000000195720000002507.;  
02 30 30 31 31 30 31 30 30 30 30 30 30 32 30 30 36 32 30 30 30 30 30 30 32 35 35 34 03 32        .001101000000200620000002554.2  
02 30 30 31 31 30 31 30 30 30 30 30 30 32 30 30 36 32 30 30 30 30 30 30 32 35 35 34 03 32        .001101000000200620000002554.2  
02 30 30 31 31 30 31 30 30 30 30 30 30 32 30 30 36 32 30 30 30 30 30 30 32 35 35 34 03 32        .001101000000200620000002554.2  
02 30 30 31 31 30 31 30 30 30 30 30 30 32 30 34 31 36 30 30 30 30 30 30 32 36 32 30 03 35        .001101000000204160000002620.5  
02 30 30 31 31 30 31 30 30 30 30 30 30 32 30 34 31 36 30 30 30 30 30 30 32 36 32 30 03 35        .001101000000204160000002620.5  
02 30 30 31 31 30 31 30 30 30 30 30 30 32 30 34 31 36 30 30 30 30 30 30 32 36 32 30 03 35        .001101000000204160000002620.5  
02 30 30 31 31 30 31 30 30 30 30 30 30 32 30 34 35 39 30 30 30 30 30 30 32 36 32 36 03 38        .001101000000204590000002626.8  
02 30 30 31 31 30 31 30 30 30 30 30 30 32 30 34 35 39 30 30 30 30 30 30 32 36 32 36 03 38        .001101000000204590000002626.8  
02 30 30 31 31 30 31 30 30 30 30 30 30 32 30 34 35 39 30 30 30 30 30 30 32 36 32 36 03 38        .001101000000204590000002626.8  
02 30 30 31 31 30 31 30 30 30 30 30 30 32 31 30 37 39 30 30 30 30 30 30 32 36 39 33 03 31        .001101000000210790000002693.1  
02 30 30 31 31 30 31 30 30 30 30 30 30 32 31 30 37 39 30 30 30 30 30 30 32 36 39 33 03 31        .001101000000210790000002693.1  
02 30 30 31 31 30 31 30 30 30 30 30 30 32 31 30 37 39 30 30 30 30 30 30 32 36 39 33 03 31        .001101000000210790000002693.1  
02 30 30 31 31 30 31 30 30 30 30 30 30 32 31 32 32 31 30 30 30 30 30 30 32 37 31 38 03 3c        .001101000000212210000002718.<  
02 30 30 31 31 30 31 30 30 30 30 30 30 32 31 32 32 31 30 30 30 30 30 30 32 37 31 38 03 3c        .001101000000212210000002718.<  
02 30 30 31 31 30 31 30 30 30 30 30 30 32 31 32 32 31 30 30 30 30 30 30 32 37 31 38 03 3c        .001101000000212210000002718.<  
02 30 30 31 31 30 30 30 30 30 30 30 30 32 31 37 30 34 30 30 30 30 30 30 32 37 37 38 03 39        .001100000000217040000002778.9  
02 30 30 31 31 30 30 30 30 30 30 30 30 32 31 37 30 34 30 30 30 30 30 30 32 37 37 38 03 39        .001100000000217040000002778.9  
02 30 30 31 31 30 30 30 30 30 30 30 30 32 31 37 30 34 30 30 30 30 30 30 32 37 37 38 03 39        .001100000000217040000002778.9  
02 30 30 31 31 30 31 30 30 30 30 30 30 32 31 39 38 32 30 30 30 30 30 30 32 38 31 36 03 3f        .001101000000219820000002816.?  
02 30 30 31 31 30 31 30 30 30 30 30 30 32 31 39 38 32 30 30 30 30 30 30 32 38 31 36 03 3f        .001101000000219820000002816.?  
02 30 30 31 31 30 31 30 30 30 30 30 30 32 31 39 38 32 30 30 30 30 30 30 32 38 31 36 03 3f        .001101000000219820000002816.?  
02 30 30 31 31 30 31 30 30 30 30 30 30 32 32 31 32 32 30 30 30 30 30 30 32 38 33 37 03 3d        .001101000000221220000002837.=  
02 30 30 31 31 30 31 30 30 30 30 30 30 32 32 31 32 32 30 30 30 30 30 30 32 38 33 37 03 3d        .001101000000221220000002837.=  
02 30 30 31 31 30 31 30 30 30 30 30 30 32 32 31 32 32 30 30 30 30 30 30 32 38 33 37 03 3d        .001101000000221220000002837.=  
02 30 30 31 31 30 31 30 30 30 30 30 30 32 32 37 32 37 30 30 30 30 30 30 32 39 30 38 03 33        .001101000000227270000002908.3  
02 30 30 31 31 30 31 30 30 30 30 30 30 32 32 37 32 37 30 30 30 30 30 30 32 39 30 38 03 33        .001101000000227270000002908.3  
02 30 30 31 31 30 31 30 30 30 30 30 30 32 32 37 32 37 30 30 30 30 30 30 32 39 30 38 03 33        .001101000000227270000002908.3  
02 30 30 31 31 30 31 30 30 30 30 30 30 32 32 37 35 33 30 30 30 30 30 30 32 39 31 32 03 3b        .001101000000227530000002912.;  
02 30 30 31 31 30 31 30 30 30 30 30 30 32 32 37 35 33 30 30 30 30 30 30 32 39 31 32 03 3b        .001101000000227530000002912.;  
02 30 30 31 31 30 31 30 30 30 30 30 30 32 32 37 35 33 30 30 30 30 30 30 32 39 31 32 03 3b        .001101000000227530000002912.;  
02 30 30 31 31 30 31 30 30 30 30 30 30 32 33 32 37 31 30 30 30 30 30 30 32 39 37 36 03 3d        .001101000000232710000002976.=  
02 30 30 31 31 30 31 30 30 30 30 30 30 32 33 32 37 31 30 30 30 30 30 30 32 39 37 36 03 3d        .001101000000232710000002976.=  
02 30 30 31 31 30 31 30 30 30 30 30 30 32 33 32 37 31 30 30 30 30 30 30 32 39 37 36 03 3d        .001101000000232710000002976.=  
02 30 30 30 31 30 31 30 30 30 30 30 30 32 33 34 35 37 30 30 30 30 30 30 32 39 39 39 03 3f        .000101000000234570000002999.?  
02 30 30 30 31 30 31 30 30 30 30 30 30 32 33 34 35 37 30 30 30 30 30 30 32 39 39 39 03 3f        .000101000000234570000002999.?  
02 30 30 30 31 30 31 30 30 30 30 30 30 32 33 34 35 37 30 30 30 30 30 30 32 39 39 39 03 3f        .000101000000234570000002999.?  
02 30 30 31 31 30 30 30 30 30 30 30 30 32 33 34 35 39 30 30 30 30 30 30 33 30 30 30 03 39        .001100000000234590000003000.9  
02 30 30 31 31 30 30 30 30 30 30 30 30 32 33 34 35 39 30 30 30 30 30 30 33 30 30 30 03 39        .001100000000234590000003000.9  
02 30 30 31 31 30 30 30 30 30 30 30 30 32 33 34 35 39 30 30 30 30 30 30 33 30 30 30 03 39        .001100000000234590000003000.9  
02 30 30 31 31 30 31 30 30 30 30 30 30 32 33 35 38 36 30 30 30 30 30 30 33 30 32 32 03 3b        .001101000000235860000003022.;  
02 30 30 31 31 30 31 30 30 30 30 30 30 32 33 35 38 36 30 30 30 30 30 30 33 30 32 32 03 3b        .001101000000235860000003022.;  
02 30 30 31 31 30 31 30 30 30 30 30 30 32 33 35 38 36 30 30 30 30 30 30 33 30 32 32 03 3b        .001101000000235860000003022.;  
02 30 30 31 31 30 30 30 30 30 30 30 30 32 33 36 34 31 30 30 30 30 30 30 33 30 33 30 03 31        .001100000000236410000003030.1  
02 30 30 31 31 30 30 30 30 30 30 30 30 32 33 36 34 31 30 30 30 30 30 30 33 30 33 30 03 31        .001100000000236410000003030.1  
02 30 30 31 31 30 30 30 30 30 30 30 30 32 33 36 34 31 30 30 30 30 30 30 33 30 33 30 03 31        .001100000000236410000003030.1  
02 30 30 31 31 30 30 30 30 30 30 30 30 32 34 32 32 35 30 30 30 30 30 30 33 31 30 31 03 33        .001100000000242250000003101.3  
02 30 30 31 31 30 30 30 30 30 30 30 30 32 34 32 32 35 30 30 30 30 30 30 33 31 30 31 03 33        .001100000000242250000003101.3  
02 30 30 31 31 30 30 30 30 30 30 30 30 32 34 32 32 35 30 30 30 30 30 30 33 31 30 31 03 33        .001100000000242250000003101.3  
02 30 30 31 31 30 31 30 30 30 30 30 30 32 34 33 37 33 30 30 30 30 30 30 33 31 32 32 03 31        .001101000000243730000003122.1  
02 30 30 31 31 30 31 30 30 30 30 30 30 32 34 33 37 33 30 30 30 30 30 30 33 31 32 32 03 31        .001101000000243730000003122.1  
02 30 30 31 31 30 31 30 30 30 30 30 30 32 34 33 37 33 30 30 30 30 30 30 33 31 32 32 03 31        .001101000000243730000003122.1  
02 30 30 31 31 30 30 30 30 30 30 30 30 32 34 36 39 32 30 30 30 30 30 30 33 31 36 38 03 34        .001100000000246920000003168.4  
02 30 30 31 31 30 30 30 30 30 30 30 30 32 34 36 39 32 30 30 30 30 30 30 33 31 36 38 03 34        .001100000000246920000003168.4  
02 30 30 31 31 30 30 30 30 30 30 30 30 32 34 36 39 32 30 30 30 30 30 30 33 31 36 38 03 34        .001100000000246920000003168.4  
02 30 30 30 31 30 31 30 30 30 30 30 30 32 35 30 35 32 30 30 30 30 30 30 33 32 30 33 03 31        .000101000000250520000003203.1  
02 30 30 30 31 30 31 30 30 30 30 30 30 32 35 30 35 32 30 30 30 30 30 30 33 32 30 33 03 31        .000101000000250520000003203.1  
02 30 30 30 31 30 31 30 30 30 30 30 30 32 35 30 35 32 30 30 30 30 30 30 33 32 30 33 03 31        .000101000000250520000003203.1  
02 30 30 31 31 30 31 30 30 30 30 30 30 32 35 30 39 36 30 30 30 30 30 30 33 32 30 39 03 32        .001101000000250960000003209.2  
02 30 30 31 31 30 31 30 30 30 30 30 30 32 35 30 39 36 30 30 30 30 30 30 33 32 30 39 03 32        .001101000000250960000003209.2  
02 30 30 31 31 30 31 30 30 30 30 30 30 32 35 30 39 36 30 30 30 30 30 30 33 32 30 39 03 32        .001101000000250960000003209.2  
02 30 30 31 31 30 31 30 30 30 30 30 30 32 35 31 38 30 30 30 30 30 30 30 33 32 31 39 03 35        .001101000000251800000003219.5  
02 30 30 31 31 30 31 30 30 30 30 30 30 32 35 31 38 30 30 30 30 30 30 30 33 32 31 39 03 35        .001101000000251800000003219.5  
02 30 30 31 31 30 31 30 30 30 30 30 30 32 35 31 38 30 30 30 30 30 30 30 33 32 31 39 03 35        .001101000000251800000003219.5  
02 30 30 31 31 30 31 30 30 30 30 30 30 32 35 37 33 31 30 30 30 30 30 30 33 32 39 35 03 3d        .001101000000257310000003295.=  
02 30 30 31 31 30 31 30 30 30 30 30 30 32 35 37 33 31 30 30 30 30 30 30 33 32 39 35 03 3d        .001101000000257310000003295.=  
02 30 30 31 31 30 31 30 30 30 30 30 30 32 35 37 33 31 30 30 30 30 30 30 33 32 39 35 03 3d 02 30  .001101000000257310000003295.=.0
30 31 31 30 31 30 30 30 30 30 30 32 35 39 30 39 30 30 30 30 30 30 33 33 31 39 03 3d              01101000000259090000003319.=    
02 30 30 31 31 30 31 30 30 30 30 30 30 32 35 39 30 39 30 30 30 30 30 30 33 33 31 39 03 3d        .001101000000259090000003319.=  
02 30 30 31 31 30 31 30 30 30 30 30 30 32 35 39 30 39 30 30 30 30 30 30 33 33 31 39 03 3d        .001101000000259090000003319.=  
02 30 30 31 31 30 30 30 30 30 30 30 30 32 36 32 33 35 30 30 30 30 30 30 33 33 35 36 03 30        .001100000000262350000003356.0  
02 30 30 31 31 30 30 30 30 30 30 30 30 32 36 32 33 35 30 30 30 30 30 30 33 33 35 36 03 30        .001100000000262350000003356.0  
02 30 30 31 31 30 30 30 30 30 30 30 30 32 36 32 33 35 30 30 30 30 30 30 33 33 35 36 03 30        .001100000000262350000003356.0  
02 30 30 31 31 30 31 30 30 30 30 30 30 32 36 36 37 39 30 30 30 30 30 30 33 34 32 31 03 3a        .001101000000266790000003421.:  
02 30 30 31 31 30 31 30 30 30 30 30 30 32 36 36 37 39 30 30 30 30 30 30 33 34 32 31 03 3a        .001101000000266790000003421.:  
02 30 30 31 31 30 31 30 30 30 30 30 30 32 36 36 37 39 30 30 30 30 30 30 33 34 32 31 03 3a        .001101000000266790000003421.:  
02 30 30 31 31 30 31 30 30 30 30 30 30 32 36 36 38 30 30 30 30 30 30 30 33 34 32 32 03 3f        .001101000000266800000003422.?  
02 30 30 31 31 30 31 30 30 30 30 30 30 32 36 36 38 30 30 30 30 30 30 30 33 34 32 32 03 3f        .001101000000266800000003422.?  
02 30 30 31 31 30 31 30 30 30 30 30 30 32 36 36 38 30 30 30 30 30 30 30 33 34 32 32 03 3f        .001101000000266800000003422.?  
02 30 30 31 31 30 30 30 30 30 30 30 30 32 37 31 39 31 30 30 30 30 30 30 33 34 38 35 03 35        .001100000000271910000003485.5  
02 30 30 31 31 30 30 30 30 30 30 30 30 32 37 31 39 31 30 30 30 30 30 30 33 34 38 35 03 35        .001100000000271910000003485.5  
02 30 30 31 31 30 30 30 30 30 30 30 30 32 37 31 39 31 30 30 30 30 30 30 33 34 38 35 03 35        .001100000000271910000003485.5  
02 30 30 31 31 30 30 30 30 30 30 30 30 32 37 33 37 39 30 30 30 30 30 30 33 35 31 38 03 34        .001100000000273790000003518.4  
02 30 30 31 31 30 30 30 30 30 30 30 30 32 37 33 37 39 30 30 30 30 30 30 33 35 31 38 03 34        .001100000000273790000003518.4  
02 30 30 31 31 30 30 30 30 30 30 30 30 32 37 33 37 39 30 30 30 30 30 30 33 35 31 38 03 34        .001100000000273790000003518.4  
02 30 30 31 31 30 30 30 30 30 30 30 30 32 37 33 38 30 30 30 30 30 30 30 33 35 31 39 03 33        .001100000000273800000003519.3  
02 30 30 31 31 30 30 30 30 30 30 30 30 32 37 33 38 30 30 30 30 30 30 30 33 35 31 39 03 33        .001100000000273800000003519.3  
02 30 30 31 31 30 30 30 30 30 30 30 30 32 37 33 38 30 30 30 30 30 30 30 33 35 31 39 03 33        .001100000000273800000003519.3  
02 30 30 31 31 30 31 30 30 30 30 30 30 32 38 30 32 33 30 30 30 30 30 30 33 35 39 33 03 35        .001101000000280230000003593.5  
02 30 30 31 31 30 31 30 30 30 30 30 30 32 38 30 32 33 30 30 30 30 30 30 33 35 39 33 03 35        .001101000000280230000003593.5  
02 30 30 31 31 30 31 30 30 30 30 30 30 32 38 30 32 33 30 30 30 30 30 30 33 35 39 33 03 35        .001101000000280230000003593.5  
02 30 30 31 31 30 31 30 30 30 30 30 30 32 38 31 35 36 30 30 30 30 30 30 33 36 31 38 03 36        .001101000000281560000003618.6  
02 30 30 31 31 30 31 30 30 30 30 30 30 32 38 31 35 36 30 30 30 30 30 30 33 36 31 38 03 36        .001101000000281560000003618.6  
02 30 30 31 31 30 31 30 30 30 30 30 30 32 38 31 35 36 30 30 30 30 30 30 33 36 31 38 03 36        .001101000000281560000003618.6  
02 30 30 30 31 30 31 30 30 30 30 30 30 32 38 31 35 36 30 30 30 30 30 30 33 36 31 38 03 37        .000101000000281560000003618.7  
02 30 30 30 31 30 31 30 30 30 30 30 30 32 38 31 35 36 30 30 30 30 30 30 33 36 31 38 03 37        .000101000000281560000003618.7  
02 30 30 30 31 30 31 30 30 30 30 30 30 32 38 31 35 36 30 30 30 30 30 30 33 36 31 38 03 37        .000101000000281560000003618.7  
02 30 30 31 31 30 31 30 30 30 30 30 30 32 38 32 39 31 30 30 30 30 30 30 33 36 33 38 03 3c        .001101000000282910000003638.<  
02 30 30 31 31 30 31 30 30 30 30 30 30 32 38 32 39 31 30 30 30 30 30 30 33 36 33 38 03 3c        .001101000000282910000003638.<  
02 30 30 31 31 30 31 30 30 30 30 30 30 32 38 32 39 31 30 30 30 30 30 30 33 36 33 38 03 3c        .001101000000282910000003638.<  
02 30 30 31 31 30 31 30 30 30 30 30 30 32 38 39 30 32 30 30 30 30 30 30 33 37 30 34 03 33        .001101000000289020000003704.3  
02 30 30 31 31 30 31 30 30 30 30 30 30 32 38 39 30 32 30 30 30 30 30 30 33 37 30 34 03 33        .001101000000289020000003704.3  
02 30 30 31 31 30 31 30 30 30 30 30 30 32 38 39 30 32 30 30 30 30 30 30 33 37 30 34 03 33        .001101000000289020000003704.3  
02 30 30 31 31 30 31 30 30 30 30 30 30 32 38 39 32 39 30 30 30 30 30 30 33 37 30 38 03 36        .001101000000289290000003708.6  
02 30 30 31 31 30 31 30 30 30 30 30 30 32 38 39 32 39 30 30 30 30 30 30 33 37 30 38 03 36        .001101000000289290000003708.6  
02 30 30 31 31 30 31 30 30 30 30 30 30 32 38 39 32 39 30 30 30 30 30 30 33 37 30 38 03 36        .001101000000289290000003708.6  
02 30 30 31 31 30 30 30 30 30 30 30 30 32 39 34 30 33 30 30 30 30 30 30 33 37 36 37 03 3a        .001100000000294030000003767.:  
02 30 30 31 31 30 30 30 30 30 30 30 30 32 39 34 30 33 30 30 30 30 30 30 33 37 36 37 03 3a        .001100000000294030000003767.:  
02 30 30 31 31 30 30 30 30 30 30 30 30 32 39 34 30 33 30 30 30 30 30 30 33 37 36 37 03 3a        .001100000000294030000003767.:  
02 30 30 31 31 30 31 30 30 30 30 30 30 32 39 37 38 33 30 30 30 30 30 30 33 38 32 31 03 3d        .001101000000297830000003821.=  
02 30 30 31 31 30 31 30 30 30 30 30 30 32 39 37 38 33 30 30 30 30 30 30 33 38 32 31 03 3d        .001101000000297830000003821.=  
02 30 30 31 31 30 31 30 30 30 30 30 30 32 39 37 38 33 30 30 30 30 30 30 33 38 32 31 03 3d        .001101000000297830000003821.=  
02 30 30 31 31 30 31 30 30 30 30 30 30 32 39 38 37 30 30 30 30 30 30 30 33 38 33 38 03 36        .001101000000298700000003838.6  
02 30 30 31 31 30 31 30 30 30 30 30 30 32 39 38 37 30 30 30 30 30 30 30 33 38 33 38 03 36        .001101000000298700000003838.6  
02 30 30 31 31 30 31 30 30 30 30 30 30 32 39 38 37 30 30 30 30 30 30 30 33 38 33 38 03 36        .001101000000298700000003838.6  
02 30 30 31 31 30 31 30 30 30 30 30 30 33 30 34 38 31 30 30 30 30 30 30 33 39 30 38 03 3e        .001101000000304810000003908.>  
02 30 30 31 31 30 31 30 30 30 30 30 30 33 30 34 38 31 30 30 30 30 30 30 33 39 30 38 03 3e        .001101000000304810000003908.>  
02 30 30 31 31 30 31 30 30 30 30 30 30 33 30 34 38 31 30 30 30 30 30 30 33 39 30 38 03 3e        .001101000000304810000003908.>  
02 30 30 31 31 30 30 30 30 30 30 30 30 33 30 35 38 32 30 30 30 30 30 30 33 39 31 37 03 33        .001100000000305820000003917.3  
02 30 30 31 31 30 30 30 30 30 30 30 30 33 30 35 38 32 30 30 30 30 30 30 33 39 31 37 03 33        .001100000000305820000003917.3  
02 30 30 31 31 30 30 30 30 30 30 30 30 33 30 35 38 32 30 30 30 30 30 30 33 39 31 37 03 33        .001100000000305820000003917.3  
02 30 30 31 31 30 31 30 30 30 30 30 30 33 31 30 30 36 30 30 30 30 30 30 33 39 38 31 03 35        .001101000000310060000003981.5  
02 30 30 31 31 30 31 30 30 30 30 30 30 33 31 30 30 36 30 30 30 30 30 30 33 39 38 31 03 35        .001101000000310060000003981.5  
02 30 30 31 31 30 31 30 30 30 30 30 30 33 31 30 30 36 30 30 30 30 30 30 33 39 38 31 03 35        .001101000000310060000003981.5  
02 30 30 30 31 30 31 30 30 30 30 30 30 33 31 32 39 32 30 30 30 30 30 30 34 30 31 35 03 38        .000101000000312920000004015.8  
02 30 30 30 31 30 31 30 30 30 30 30 30 33 31 32 39 32 30 30 30 30 30 30 34 30 31 35 03 38        .000101000000312920000004015.8  
02 30 30 30 31 30 31 30 30 30 30 30 30 33 31 32 39 32 30 30 30 30 30 30 34 30 31 35 03 38        .000101000000312920000004015.8  
02 30 30 31 31 30 31 30 30 30 30 30 30 33 31 35 39 36 30 30 30 30 30 30 34 30 36 30 03 38        .001101000000315960000004060.8  
02 30 30 31 31 30 31 30 30 30 30 30 30 33 31 35 39 36 30 30 30 30 30 30 34 30 36 30 03 38        .001101000000315960000004060.8  
02 30 30 31 31 30 31 30 30 30 30 30 30 33 31 35 39 36 30 30 30 30 30 30 34 30 36 30 03 38        .001101000000315960000004060.8  
02 30 30 31 31 30 31 30 30 30 30 30 30 33 32 30 35 31 30 30 30 30 30 30 34 31 31 31 03 32        .001101000000320510000004111.2  
02 30 30 31 31 30 31 30 30 30 30 30 30 33 32 30 35 31 30 30 30 30 30 30 34 31 31 31 03 32        .001101000000320510000004111.2  
02 30 30 31 31 30 31 30 30 30 30 30 30 33 32 30 35 31 30 30 30 30 30 30 34 31 31 31 03 32        .001101000000320510000004111.2  
02 30 30 31 31 30 31 30 30 30 30 30 30 33 32 30 35 31 30 30 30 30 30 30 34 31 31 31 03 32        .001101000000320510000004111.2  
02 30 30 31 31 30 31 30 30 30 30 30 30 33 32 30 35 31 30 30 30 30 30 30 34 31 31 31 03 32        .001101000000320510000004111.2  
02 30 30 31 31 30 31 30 30 30 30 30 30 33 32 30 35 31 30 30 30 30 30 30 34 31 31 31 03 32        .001101000000320510000004111.2  
02 30 30 31 31 30 31 30 30 30 30 30 30 33 32 35 31 30 30 30 30 30 30 30 34 31 37 39 03 3c        .001101000000325100000004179.<  
02 30 30 31 31 30 31 30 30 30 30 30 30 33 32 35 31 30 30 30 30 30 30 30 34 31 37 39 03 3c        .001101000000325100000004179.<  
02 30 30 31 31 30 31 30 30 30 30 30 30 33 32 35 31 30 30 30 30 30 30 30 34 31 37 39 03 3c        .001101000000325100000004179.<  
02 30 30 31 31 30 31 30 30 30 30 30 30 33 32 38 31 37 30 30 30 30 30 30 34 32 32 31 03 38        .001101000000328170000004221.8  
02 30 30 31 31 30 31 30 30 30 30 30 30 33 32 38 31 37 30 30 30 30 30 30 34 32 32 31 03 38        .001101000000328170000004221.8  
02 30 30 31 31 30 31 30 30 30 30 30 30 33 32 38 31 37 30 30 30 30 30 30 34 32 32 31 03 38        .001101000000328170000004221.8  
02 30 30 31 31 30 31 30 30 30 30 30 30 33 33 30 39 34 30 30 30 30 30 30 34 32 35 30 03 3c        .001101000000330940000004250.<  
02 30 30 31 31 30 31 30 30 30 30 30 30 33 33 30 39 34 30 30 30 30 30 30 34 32 35 30 03 3c        .001101000000330940000004250.<  
02 30 30 31 31 30 31 30 30 30 30 30 30 33 33 30 39 34 30 30 30 30 30 30 34 32 35 30 03 3c        .001101000000330940000004250.<  
02 30 30 31 31 31 31 30 30 30 30 30 30 33 33 35 36 35 30 30 30 30 30 30 34 33 31 38 03 3b        .001111000000335650000004318.;  
02 30 30 31 31 31 31 30 30 30 30 30 30 33 33 35 36 35 30 30 30 30 30 30 34 33 31 38 03 3b        .001111000000335650000004318.;  
02 30 30 31 31 31 31 30 30 30 30 30 30 33 33 35 36 35 30 30 30 30 30 30 34 33 31 38 03 3b        .001111000000335650000004318.;  
02 30 30 31 31 31 31 30 30 30 30 30 30 33 33 35 36 35 30 30 30 30 30 30 34 33 31 38 03 3b        .001111000000335650000004318.;  
02 30 30 31 31 31 31 30 30 30 30 30 30 33 33 35 36 35 30 30 30 30 30 30 34 33 31 38 03 3b        .001111000000335650000004318.;  
02 30 30 31 31 31 31 30 30 30 30 30 30 33 33 35 36 35 30 30 30 30 30 30 34 33 31 38 03 3b        .001111000000335650000004318.;  
02 30 30 31 31 30 30 30 30 30 30 30 30 33 34 31 34 37 30 30 30 30 30 30 34 33 38 31 03 38        .001100000000341470000004381.8  
02 30 30 31 31 30 30 30 30 30 30 30 30 33 34 31 34 37 30 30 30 30 30 30 34 33 38 31 03 38        .001100000000341470000004381.8  
02 30 30 31 31 30 30 30 30 30 30 30 30 33 34 31 34 37 30 30 30 30 30 30 34 33 38 31 03 38        .001100000000341470000004381.8  
02 30 30 31 31 30 31 30 30 30 30 30 30 33 34 32 39 34 30 30 30 30 30 30 34 34 31 35 03 3e        .001101000000342940000004415.>  
02 30 30 31 31 30 31 30 30 30 30 30 30 33 34 32 39 34 30 30 30 30 30 30 34 34 31 35 03 3e        .001101000000342940000004415.>  
02 30 30 31 31 30 31 30 30 30 30 30 30 33 34 32 39 34 30 30 30 30 30 30 34 34 31 35 03 3e        .001101000000342940000004415.>  
02 30 30 31 31 30 31 30 30 30 30 30 30 33 34 33 34 32 30 30 30 30 30 30 34 34 32 30 03 32        .001101000000343420000004420.2  
02 30 30 31 31 30 31 30 30 30 30 30 30 33 34 33 34 32 30 30 30 30 30 30 34 34 32 30 03 32        .001101000000343420000004420.2  
02 30 30 31 31 30 31 30 30 30 30 30 30 33 34 33 34 32 30 30 30 30 30 30 34 34 32 30 03 32        .001101000000343420000004420.2  
02 30 30 31 31 30 31 30 30 30 30 30 30 33 34 39 39 35 30 30 30 30 30 30 34 34 39 30 03 39        .001101000000349950000004490.9  
02 30 30 31 31 30 31 30 30 30 30 30 30 33 34 39 39 35 30 30 30 30 30 30 34 34 39 30 03 39        .001101000000349950000004490.9  
02 30 30 31 31 30 31 30 30 30 30 30 30 33 34 39 39 35 30 30 30 30 30 30 34 34 39 30 03 39        .001101000000349950000004490.9  
02 30 30 30 31 30 31 30 30 30 30 30 30 33 35 31 34 30 30 30 30 30 30 30 34 35 31 35 03 35        .000101000000351400000004515.5  
02 30 30 30 31 30 31 30 30 30 30 30 30 33 35 31 34 30 30 30 30 30 30 30 34 35 31 35 03 35        .000101000000351400000004515.5  
02 30 30 30 31 30 31 30 30 30 30 30 30 33 35 31 34 30 30 30 30 30 30 30 34 35 31 35 03 35        .000101000000351400000004515.5  
02 30 30 31 31 30 31 30 30 30 30 30 30 33 35 34 36 30 30 30 30 30 30 30 34 35 35 38 03 3a        .001101000000354600000004558.:  
02 30 30 31 31 30 31 30 30 30 30 30 30 33 35 34 36 30 30 30 30 30 30 30 34 35 35 38 03 3a        .001101000000354600000004558.:  
02 30 30 31 31 30 31 30 30 30 30 30 30 33 35 34 36 30 30 30 30 30 30 30 34 35 35 38 03 3a        .001101000000354600000004558.:  
02 30 30 31 31 30 31 30 30 30 30 30 30 33 35 39 32 35 30 30 30 30 30 30 34 36 30 37 03 3f        .001101000000359250000004607.?  
02 30 30 31 31 30 31 30 30 30 30 30 30 33 35 39 32 35 30 30 30 30 30 30 34 36 30 37 03 3f        .001101000000359250000004607.?  
02 30 30 31 31 30 31 30 30 30 30 30 30 33 35 39 32 35 30 30 30 30 30 30 34 36 30 37 03 3f        .001101000000359250000004607.?  
02 30 30 31 31 30 31 30 30 30 30 30 30 33 35 39 36 31 30 30 30 30 30 30 34 36 31 34 03 3d        .001101000000359610000004614.=  
02 30 30 31 31 30 31 30 30 30 30 30 30 33 35 39 36 31 30 30 30 30 30 30 34 36 31 34 03 3d        .001101000000359610000004614.=  
02 30 30 31 31 30 31 30 30 30 30 30 30 33 35 39 36 31 30 30 30 30 30 30 34 36 31 34 03 3d        .001101000000359610000004614.=  
02 30 30 31 31 30 31 30 30 30 30 30 30 33 36 35 36 30 30 30 30 30 30 30 34 36 38 33 03 3d        .001101000000365600000004683.=  
02 30 30 31 31 30 31 30 30 30 30 30 30 33 36 35 36 30 30 30 30 30 30 30 34 36 38 33 03 3d        .001101000000365600000004683.=  
02 30 30 31 31 30 31 30 30 30 30 30 30 33 36 35 36 30 30 30 30 30 30 30 34 36 38 33 03 3d        .001101000000365600000004683.=  
02 30 30 31 31 30 31 30 30 30 30 30 30 33 36 37 37 37 30 30 30 30 30 30 34 37 31 37 03 35        .001101000000367770000004717.5  
02 30 30 31 31 30 31 30 30 30 30 30 30 33 36 37 37 37 30 30 30 30 30 30 34 37 31 37 03 35        .001101000000367770000004717.5  
02 30 30 31 31 30 31 30 30 30 30 30 30 33 36 37 37 37 30 30 30 30 30 30 34 37 31 37 03 35        .001101000000367770000004717.5  
02 30 30 31 31 30 31 30 30 30 30 30 30 33 36 39 38 37 30 30 30 30 30 30 34 37 35 36 03 31        .001101000000369870000004756.1  
02 30 30 31 31 30 31 30 30 30 30 30 30 33 36 39 38 37 30 30 30 30 30 30 34 37 35 36 03 31        .001101000000369870000004756.1  
02 30 30 31 31 30 31 30 30 30 30 30 30 33 36 39 38 37 30 30 30 30 30 30 34 37 35 36 03 31        .001101000000369870000004756.1  
02 30 30 31 31 30 30 30 30 30 30 30 30 33 37 36 30 30 30 30 30 30 30 30 34 38 31 37 03 3b        .001100000000376000000004817.;  
02 30 30 31 31 30 30 30 30 30 30 30 30 33 37 36 30 30 30 30 30 30 30 30 34 38 31 37 03 3b        .001100000000376000000004817.;  
02 30 30 31 31 30 30 30 30 30 30 30 30 33 37 36 30 30 30 30 30 30 30 30 34 38 31 37 03 3b        .001100000000376000000004817.;  
02 30 30 31 31 30 30 30 30 30 30 30 30 33 37 36 35 32 30 30 30 30 30 30 34 38 33 31 03 38        .001100000000376520000004831.8  
02 30 30 31 31 30 30 30 30 30 30 30 30 33 37 36 35 32 30 30 30 30 30 30 34 38 33 31 03 38        .001100000000376520000004831.8  
02 30 30 31 31 30 30 30 30 30 30 30 30 33 37 36 35 32 30 30 30 30 30 30 34 38 33 31 03 38        .001100000000376520000004831.8  
02 30 30 31 31 30 30 30 30 30 30 30 30 33 38 32 30 33 30 30 30 30 30 30 34 39 30 35 03 31        .001100000000382030000004905.1  
02 30 30 31 31 30 30 30 30 30 30 30 30 33 38 32 30 33 30 30 30 30 30 30 34 39 30 35 03 31        .001100000000382030000004905.1  
02 30 30 31 31 30 30 30 30 30 30 30 30 33 38 32 30 33 30 30 30 30 30 30 34 39 30 35 03 31        .001100000000382030000004905.1  
02 30 30 31 31 30 30 30 30 30 30 30 30 33 38 33 34 30 30 30 30 30 30 30 34 39 32 32 03 32        .001100000000383400000004922.2  
02 30 30 31 31 30 30 30 30 30 30 30 30 33 38 33 34 30 30 30 30 30 30 30 34 39 32 32 03 32        .001100000000383400000004922.2  
02 30 30 31 31 30 30 30 30 30 30 30 30 33 38 33 34 30 30 30 30 30 30 30 34 39 32 32 03 32        .001100000000383400000004922.2  
02 30 30 31 31 30 31 30 30 30 30 30 30 33 38 36 37 38 30 30 30 30 30 30 34 39 37 36 03 3c        .001101000000386780000004976.<  
02 30 30 31 31 30 31 30 30 30 30 30 30 33 38 36 37 38 30 30 30 30 30 30 34 39 37 36 03 3c        .001101000000386780000004976.<  
02 30 30 31 31 30 31 30 30 30 30 30 30 33 38 36 37 38 30 30 30 30 30 30 34 39 37 36 03 3c        .001101000000386780000004976.<  
02 30 30 31 31 30 31 30 30 30 30 30 30 33 39 30 34 34 30 30 30 30 30 30 35 30 32 33 03 3c        .001101000000390440000005023.<  
02 30 30 31 31 30 31 30 30 30 30 30 30 33 39 30 34 34 30 30 30 30 30 30 35 30 32 33 03 3c        .001101000000390440000005023.<  
02 30 30 31 31 30 31 30 30 30 30 30 30 33 39 30 34 34 30 30 30 30 30 30 35 30 32 33 03 3c        .001101000000390440000005023.<  
02 30 30 30 31 30 31 30 30 30 30 30 30 33 39 30 34 34 30 30 30 30 30 30 35 30 32 33 03 3d        .000101000000390440000005023.=  
02 30 30 30 31 30 31 30 30 30 30 30 30 33 39 30 34 34 30 30 30 30 30 30 35 30 32 33 03 3d        .000101000000390440000005023.=  
02 30 30 30 31 30 31 30 30 30 30 30 30 33 39 30 34 34 30 30 30 30 30 30 35 30 32 33 03 3d        .000101000000390440000005023.=  
02 30 30 30 31 30 30 30 30 30 30 30 30 30 30 30 30 30 30 30 30 30 30 30 30 30 30 30 03 3c        .000101000000770060000000018.< 
02 30 30 30 31 30 30 30 30 30 30 30 30 30 30 30 30 30 30 30 30 30 30 30 30 30 30 30 03 3c        .000101000000770060000000018.<  
02 30 30 30 31 30 30 30 30 30 30 30 30 30 30 30 30 30 30 30 30 30 30 30 30 30 30 30 03 3c        .000101000000770060000000018.<  
02 30 30 30 31 30 30 30 30 30 30 30 30 30 30 30 30 30 30 30 30 30 30 30 30 30 30 30 03 3c        .000101000000770060000000018.<  
02 30 30 30 31 30 30 30 30 30 30 30 30 30 30 30 30 30 30 30 30 30 30 30 30 30 30 30 03 3c        .000101000000770060000000018.<  

